objects
0.107384	0	-0.994218	0	1.000000	0	0.994218	0	0.107384	200005.973719	0	68.262225	0	mud_6
-0.839347	0	0.543596	0	1.000000	0	-0.543596	0	-0.839347	200000.782993	0	789.308434	0	mud_6
-0.889809	0	0.456334	0	1.000000	0	-0.456334	0	-0.889809	200007.131459	0	799.488371	0	mud_6
-0.848523	0	0.529159	0	1.000000	0	-0.529159	0	-0.848523	200004.044494	0	794.344401	0	mud_6
-0.928020	0	0.372530	0	1.000000	0	-0.372530	0	-0.928020	200009.505814	0	804.992822	0	mud_6
0.745551	0	-0.666449	0	1.000000	0	0.666449	0	0.745551	200004.191999	0	887.866679	0	mud_6
0.774723	0	-0.632301	0	1.000000	0	0.632301	0	0.774723	200008.190192	0	892.339424	0	mud_6
-0.667383	0	-0.744715	0	1.000000	0	0.744715	0	-0.667383	200004.454412	0	2867.091788	0	mud_6
-0.665826	0	-0.746107	0	1.000000	0	0.746107	0	-0.665826	200008.922700	0	2863.087495	0	mud_6
-0.632415	0	-0.774630	0	1.000000	0	0.774630	0	-0.632415	200009.316200	0	3307.211200	0	mud_6
-0.628933	0	-0.777460	0	1.000000	0	0.777460	0	-0.628933	200004.651444	0	3310.984794	0	mud_6
0.272467	0	-0.962165	0	1.000000	0	0.962165	0	0.272467	200005.767938	0	3902.031964	0	mud_6
-0.628588	0	-0.777739	0	1.000000	0	0.777739	0	-0.628588	200004.208465	0	4246.195928	0	mud_6
-0.605550	0	-0.795807	0	1.000000	0	0.795807	0	-0.605550	200008.873084	0	4242.425866	0	mud_6
0.824486	0	-0.565882	0	1.000000	0	0.565882	0	0.824486	200002.304657	0	4409.444997	0	mud_6
0.790250	0	-0.612784	0	1.000000	0	0.612784	0	0.790250	200005.692993	0	4414.381784	0	mud_6
0.743877	0	-0.668317	0	1.000000	0	0.668317	0	0.743877	200009.638311	0	4418.901419	0	mud_6
0.789762	0	-0.613413	0	1.000000	0	0.613413	0	0.789762	200003.647266	0	6694.525107	0	mud_6
0.787311	0	-0.616557	0	1.000000	0	0.616557	0	0.787311	200007.327734	0	6699.263673	0	mud_6
0.633734	0	-0.773551	0	1.000000	0	0.773551	0	0.633734	200004.761625	0	6729.229544	0	mud_6
0.653854	0	-0.756621	0	1.000000	0	0.756621	0	0.653854	200009.402598	0	6733.031673	0	mud_6
-0.018029	0	0.999837	0	1.000000	0	-0.999837	0	-0.018029	200005.140503	0	7083.936891	0	mud_6
0.117411	0	-0.993083	0	1.000000	0	0.993083	0	0.117411	200011.938896	0	68.906518	0	mud_6
0.150876	0	-0.988553	0	1.000000	0	0.988553	0	0.150876	200017.889968	0	69.671071	0	mud_6
-0.854938	0	0.518730	0	1.000000	0	-0.518730	0	-0.854938	200014.156424	0	816.037049	0	mud_6
-0.921616	0	0.388103	0	1.000000	0	-0.388103	0	-0.921616	200011.598191	0	810.615925	0	mud_6
-0.701158	0	0.713006	0	1.000000	0	-0.713006	0	-0.701158	200017.774827	0	820.798684	0	mud_6
0.873620	0	-0.486609	0	1.000000	0	0.486609	0	0.873620	200011.768156	0	897.148979	0	mud_6
0.957716	0	-0.287714	0	1.000000	0	0.287714	0	0.957716	200013.968336	0	902.709031	0	mud_6
0.975662	0	-0.219279	0	1.000000	0	0.219279	0	0.975662	200015.200361	0	908.579293	0	mud_6
0.987700	0	-0.156362	0	1.000000	0	0.156362	0	0.987700	200016.597562	0	914.407844	0	mud_6
0.998593	0	-0.053031	0	1.000000	0	0.053031	0	0.998593	200017.069218	0	920.385792	0	mud_6
0.999705	0	-0.024269	0	1.000000	0	0.024269	0	0.999705	200017.233445	0	926.383461	0	mud_6
0.999804	0	-0.019811	0	1.000000	0	0.019811	0	0.999804	200017.360441	0	932.382113	0	mud_6
0.999999	0	0.001713	0	1.000000	0	-0.001713	0	0.999999	200017.471169	0	938.380744	0	mud_6
0.999570	0	0.029312	0	1.000000	0	-0.029312	0	0.999570	200017.339886	0	944.379089	0	mud_6
0.999440	0	0.033467	0	1.000000	0	-0.033467	0	0.999440	200017.119442	0	950.375034	0	mud_6
0.999832	0	0.018320	0	1.000000	0	-0.018320	0	0.999832	200016.938286	0	956.372237	0	mud_6
0.999894	0	-0.014586	0	1.000000	0	0.014586	0	0.999894	200016.899626	0	962.371835	0	mud_6
0.997615	0	-0.069020	0	1.000000	0	0.069020	0	0.997615	200017.113254	0	968.367317	0	mud_6
0.988114	0	-0.153726	0	1.000000	0	0.153726	0	0.988114	200017.727205	0	974.334138	0	mud_6
0.966327	0	-0.257316	0	1.000000	0	0.257316	0	0.966327	200018.954543	0	980.203397	0	mud_6
0.962484	0	0.271338	0	1.000000	0	-0.271338	0	0.962484	200019.916392	0	1208.102803	0	mud_6
0.962482	0	0.271347	0	1.000000	0	-0.271347	0	0.962482	200018.288336	0	1213.877700	0	mud_6
0.962479	0	0.271355	0	1.000000	0	-0.271355	0	0.962479	200016.660231	0	1219.652583	0	mud_6
0.962477	0	0.271363	0	1.000000	0	-0.271363	0	0.962477	200015.032076	0	1225.427452	0	mud_6
0.962475	0	0.271372	0	1.000000	0	-0.271372	0	0.962475	200013.403873	0	1231.202307	0	mud_6
0.962473	0	0.271376	0	1.000000	0	-0.271376	0	0.962473	200011.775618	0	1236.977148	0	mud_6
-0.661501	0	-0.749944	0	1.000000	0	0.749944	0	-0.661501	200013.407672	0	2859.101903	0	mud_6
-0.652847	0	-0.757490	0	1.000000	0	0.757490	0	-0.652847	200017.921939	0	2855.149555	0	mud_6
-0.639642	0	-0.768673	0	1.000000	0	0.768673	0	-0.639642	200018.557308	0	3299.556129	0	mud_6
-0.637927	0	-0.770097	0	1.000000	0	0.770097	0	-0.637927	200013.946884	0	3303.395919	0	mud_6
0.272642	0	-0.962115	0	1.000000	0	0.962115	0	0.272642	200011.540926	0	3903.666765	0	mud_6
0.270421	0	-0.962742	0	1.000000	0	0.962742	0	0.270421	200017.313318	0	3905.303671	0	mud_6
-0.561845	0	-0.827242	0	1.000000	0	0.827242	0	-0.561845	200013.751891	0	4238.934160	0	mud_6
-0.502427	0	-0.864619	0	1.000000	0	0.864619	0	-0.502427	200018.795192	0	4235.686946	0	mud_6
0.692762	0	-0.721166	0	1.000000	0	0.721166	0	0.692762	200013.711209	0	4423.306534	0	mud_6
0.514231	0	-0.857652	0	1.000000	0	0.857652	0	0.514231	200018.268292	0	4427.192368	0	mud_6
0.781324	0	-0.624126	0	1.000000	0	0.624126	0	0.781324	200011.045865	0	6703.972731	0	mud_6
0.775695	0	-0.631109	0	1.000000	0	0.631109	0	0.775695	200014.817084	0	6708.639365	0	mud_6
0.772720	0	-0.634747	0	1.000000	0	0.634747	0	0.772720	200018.619102	0	6713.280984	0	mud_6
0.686135	0	-0.727474	0	1.000000	0	0.727474	0	0.686135	200013.837005	0	6737.072256	0	mud_6
0.704254	0	-0.709948	0	1.000000	0	0.709948	0	0.704254	200018.130310	0	6741.263453	0	mud_6
-0.054601	0	0.998508	0	1.000000	0	-0.998508	0	-0.054601	200017.136954	0	7084.217813	0	mud_6
-0.023411	0	0.999726	0	1.000000	0	-0.999726	0	-0.023411	200011.139514	0	7084.045064	0	mud_6
0.234019	0	-0.972232	0	1.000000	0	0.972232	0	0.234019	200023.795838	0	70.716110	0	mud_6
0.336796	0	-0.941578	0	1.000000	0	0.941578	0	0.336796	200029.529311	0	72.472629	0	mud_6
-0.414490	0	0.910054	0	1.000000	0	-0.910054	0	-0.414490	200027.961457	0	827.026224	0	mud_6
-0.521665	0	0.853150	0	1.000000	0	-0.853150	0	-0.521665	200022.600175	0	824.339547	0	mud_6
-0.468633	0	-0.883393	0	1.000000	0	0.883393	0	-0.468633	200021.467643	0	909.577956	0	mud_6
-0.533304	0	-0.845924	0	1.000000	0	0.845924	0	-0.533304	200026.759926	0	906.770441	0	mud_6
0.938670	0	-0.344818	0	1.000000	0	0.344818	0	0.938670	200020.809066	0	985.907408	0	mud_6
0.914976	0	-0.403509	0	1.000000	0	0.403509	0	0.914976	200023.088398	0	991.456538	0	mud_6
0.896973	0	-0.442086	0	1.000000	0	0.442086	0	0.896973	200025.649013	0	996.882197	0	mud_6
0.885662	0	-0.464330	0	1.000000	0	0.464330	0	0.885662	200028.392395	0	1002.218104	0	mud_6
0.962503	0	0.271270	0	1.000000	0	-0.271270	0	0.962503	200029.683468	0	1173.453067	0	mud_6
0.962499	0	0.271285	0	1.000000	0	-0.271285	0	0.962499	200028.055801	0	1179.228073	0	mud_6
0.962496	0	0.271298	0	1.000000	0	-0.271298	0	0.962496	200026.428052	0	1185.003056	0	mud_6
0.962492	0	0.271309	0	1.000000	0	-0.271309	0	0.962492	200024.800231	0	1190.778019	0	mud_6
0.962489	0	0.271320	0	1.000000	0	-0.271320	0	0.962489	200023.172343	0	1196.552964	0	mud_6
0.962487	0	0.271329	0	1.000000	0	-0.271329	0	0.962487	200021.544396	0	1202.327891	0	mud_6
-0.606923	0	-0.794761	0	1.000000	0	0.794761	0	-0.606923	200027.099407	0	2847.418886	0	mud_6
-0.644247	0	-0.764818	0	1.000000	0	0.764818	0	-0.644247	200022.497205	0	2851.268046	0	mud_6
-0.637713	0	-0.770274	0	1.000000	0	0.770274	0	-0.637713	200023.170960	0	3295.720220	0	mud_6
-0.633149	0	-0.774030	0	1.000000	0	0.774030	0	-0.633149	200027.800567	0	3291.903594	0	mud_6
0.263368	0	-0.964696	0	1.000000	0	0.964696	0	0.263368	200023.093781	0	3906.911805	0	mud_6
0.250327	0	-0.968161	0	1.000000	0	0.968161	0	0.250327	200028.889477	0	3908.464033	0	mud_6
-0.442710	0	-0.896665	0	1.000000	0	0.896665	0	-0.442710	200024.113857	0	4232.912877	0	mud_6
-0.412185	0	-0.911100	0	1.000000	0	0.911100	0	-0.412185	200029.551165	0	4230.376439	0	mud_6
0.132072	0	-0.991240	0	1.000000	0	0.991240	0	0.132072	200023.769304	0	4429.352379	0	mud_6
-0.187825	0	-0.982202	0	1.000000	0	0.982202	0	-0.187825	200029.718529	0	4428.699877	0	mud_6
0.771193	0	-0.636602	0	1.000000	0	0.636602	0	0.771193	200022.434043	0	6717.911990	0	mud_6
0.770014	0	-0.638026	0	1.000000	0	0.638026	0	0.770014	200026.258317	0	6722.535291	0	mud_6
0.713309	0	-0.700850	0	1.000000	0	0.700850	0	0.713309	200022.356000	0	6745.522926	0	mud_6
0.718873	0	-0.695141	0	1.000000	0	0.695141	0	0.718873	200026.540376	0	6749.823021	0	mud_6
-0.224230	0	0.974536	0	1.000000	0	-0.974536	0	-0.224230	200028.978679	0	7085.954927	0	mud_6
-0.145135	0	0.989412	0	1.000000	0	-0.989412	0	-0.145135	200023.114007	0	7084.699766	0	mud_6
0.407285	0	-0.913301	0	1.000000	0	0.913301	0	0.407285	200035.078339	0	74.751896	0	mud_6
-0.371479	0	0.928441	0	1.000000	0	-0.928441	0	-0.371479	200033.509959	0	829.308365	0	mud_6
-0.375840	0	0.926685	0	1.000000	0	-0.926685	0	-0.375840	200039.101765	0	831.483573	0	mud_6
-0.632975	0	-0.774172	0	1.000000	0	0.774172	0	-0.632975	200036.265749	0	899.451829	0	mud_6
-0.610047	0	-0.792365	0	1.000000	0	0.792365	0	-0.610047	200031.581552	0	903.201016	0	mud_6
0.883923	0	-0.467633	0	1.000000	0	0.467633	0	0.883923	200031.220715	0	1007.509652	0	mud_6
0.878049	0	-0.478571	0	1.000000	0	0.478571	0	0.878049	200034.003879	0	1012.824966	0	mud_6
0.865809	0	-0.500375	0	1.000000	0	0.500375	0	0.865809	200036.962384	0	1018.044075	0	mud_6
0.932453	0	0.361291	0	1.000000	0	-0.361291	0	0.932453	200035.181068	0	1026.387507	0	mud_6
0.992371	0	0.123284	0	1.000000	0	-0.123284	0	0.992371	200033.049148	0	1031.889761	0	mud_6
0.946099	0	-0.323878	0	1.000000	0	0.323878	0	0.946099	200033.777913	0	1037.811217	0	mud_6
0.815167	0	-0.579226	0	1.000000	0	0.579226	0	0.815167	200036.827609	0	1042.931399	0	mud_6
0.962554	0	0.271090	0	1.000000	0	-0.271090	0	0.962554	200039.446729	0	1138.802255	0	mud_6
0.962539	0	0.271142	0	1.000000	0	-0.271142	0	0.962539	200037.820006	0	1144.577528	0	mud_6
0.962529	0	0.271180	0	1.000000	0	-0.271180	0	0.962529	200036.193024	0	1150.352727	0	mud_6
0.962520	0	0.271210	0	1.000000	0	-0.271210	0	0.962520	200034.565843	0	1156.127871	0	mud_6
0.962514	0	0.271233	0	1.000000	0	-0.271233	0	0.962514	200032.938507	0	1161.902970	0	mud_6
0.962508	0	0.271253	0	1.000000	0	-0.271253	0	0.962508	200031.311042	0	1167.678034	0	mud_6
-0.989543	0	-0.144241	0	1.000000	0	0.144241	0	-0.989543	200038.215545	0	1956.829918	0	mud_6
-0.843435	0	-0.537231	0	1.000000	0	0.537231	0	-0.843435	200039.990733	0	1951.159478	0	mud_6
-0.976259	0	0.216608	0	1.000000	0	-0.216608	0	-0.976259	200039.598750	0	1968.667456	0	mud_6
-0.993257	0	0.115935	0	1.000000	0	-0.115935	0	-0.993257	200038.298725	0	1962.812394	0	mud_6
-0.495177	0	-0.868792	0	1.000000	0	0.868792	0	-0.495177	200032.020068	0	2843.995565	0	mud_6
-0.406743	0	-0.913543	0	1.000000	0	0.913543	0	-0.406743	200037.472262	0	2841.506681	0	mud_6
-0.625068	0	-0.780571	0	1.000000	0	0.780571	0	-0.625068	200032.459223	0	3288.122507	0	mud_6
-0.609600	0	-0.792709	0	1.000000	0	0.792709	0	-0.609600	200037.167132	0	3284.403009	0	mud_6
0.234526	0	-0.972110	0	1.000000	0	0.972110	0	0.234526	200034.711128	0	3909.915582	0	mud_6
-0.387946	0	-0.921682	0	1.000000	0	0.921682	0	-0.387946	200035.046039	0	4227.967120	0	mud_6
-0.248412	0	-0.968654	0	1.000000	0	0.968654	0	-0.248412	200035.493078	0	4427.110092	0	mud_6
0.768995	0	-0.639254	0	1.000000	0	0.639254	0	0.768995	200030.090356	0	6727.152159	0	mud_6
0.768040	0	-0.640402	0	1.000000	0	0.640402	0	0.768040	200033.929367	0	6731.763232	0	mud_6
0.767090	0	-0.641539	0	1.000000	0	0.641539	0	0.767090	200037.775179	0	6736.368633	0	mud_6
0.722494	0	-0.691377	0	1.000000	0	0.691377	0	0.722494	200030.697637	0	6754.149347	0	mud_6
0.724750	0	-0.689012	0	1.000000	0	0.689012	0	0.724750	200034.836874	0	6758.492927	0	mud_6
0.726022	0	-0.687672	0	1.000000	0	0.687672	0	0.726022	200038.965774	0	6762.846336	0	mud_6
-0.231914	0	0.972736	0	1.000000	0	-0.972736	0	-0.231914	200034.804321	0	7087.389616	0	mud_6
0.461411	0	-0.887187	0	1.000000	0	0.887187	0	0.461411	200040.481429	0	77.356681	0	mud_6
0.486870	0	-0.873474	0	1.000000	0	0.873474	0	0.486870	200045.717871	0	80.285388	0	mud_6
-0.539506	0	0.841982	0	1.000000	0	-0.841982	0	-0.539506	200049.901024	0	836.669309	0	mud_6
-0.432890	0	0.901447	0	1.000000	0	-0.901447	0	-0.432890	200044.628266	0	833.817657	0	mud_6
-0.671696	0	-0.740826	0	1.000000	0	0.740826	0	-0.671696	200049.889611	0	887.690617	0	mud_6
-0.647355	0	-0.762188	0	1.000000	0	0.762188	0	-0.647355	200040.870930	0	895.605877	0	mud_6
-0.659633	0	-0.751588	0	1.000000	0	0.751588	0	-0.659633	200045.411585	0	891.683924	0	mud_6
0.852437	0	-0.522829	0	1.000000	0	0.522829	0	0.852437	200040.007511	0	1023.213180	0	mud_6
0.836168	0	-0.548473	0	1.000000	0	0.548473	0	0.836168	200043.234228	0	1028.269921	0	mud_6
0.825374	0	-0.564587	0	1.000000	0	0.564587	0	0.825374	200046.587850	0	1033.245131	0	mud_6
0.754029	0	-0.656841	0	1.000000	0	0.656841	0	0.754029	200040.685166	0	1047.526495	0	mud_6
0.806680	0	-0.590989	0	1.000000	0	0.590989	0	0.806680	200044.706869	0	1051.976549	0	mud_6
0.903459	0	-0.428674	0	1.000000	0	0.428674	0	0.903459	200047.730559	0	1057.140847	0	mud_6
0.955978	0	-0.293437	0	1.000000	0	0.293437	0	0.955978	200049.822104	0	1062.759462	0	mud_6
0.969991	0	0.243142	0	1.000000	0	-0.243142	0	0.969991	200049.092758	0	1104.121568	0	mud_6
0.965585	0	0.260089	0	1.000000	0	-0.260089	0	0.965585	200047.633978	0	1109.941409	0	mud_6
0.961190	0	0.275886	0	1.000000	0	-0.275886	0	0.961190	200045.972253	0	1115.706509	0	mud_6
0.962075	0	0.272786	0	1.000000	0	-0.272786	0	0.962075	200044.323417	0	1121.475458	0	mud_6
0.962618	0	0.270861	0	1.000000	0	-0.270861	0	0.962618	200042.698845	0	1127.251335	0	mud_6
0.962577	0	0.271010	0	1.000000	0	-0.271010	0	0.962577	200041.073082	0	1133.026878	0	mud_6
-0.578576	0	-0.815628	0	1.000000	0	0.815628	0	-0.578576	200044.392126	0	1947.141509	0	mud_6
-0.383617	0	-0.923492	0	1.000000	0	0.923492	0	-0.383617	200049.669744	0	1944.298802	0	mud_6
-0.981397	0	0.191988	0	1.000000	0	-0.191988	0	-0.981397	200040.897181	0	1974.523723	0	mud_6
-0.970183	0	0.242374	0	1.000000	0	-0.242374	0	-0.970183	200043.102337	0	1986.316383	0	mud_6
-0.982962	0	0.183809	0	1.000000	0	-0.183809	0	-0.982962	200041.901552	0	1980.439012	0	mud_6
-0.916079	0	0.400999	0	1.000000	0	-0.400999	0	-0.916079	200047.082338	0	1997.616226	0	mud_6
-0.943207	0	0.332207	0	1.000000	0	-0.332207	0	-0.943207	200044.806217	0	1992.066241	0	mud_6
-0.904515	0	0.426441	0	1.000000	0	-0.426441	0	-0.904515	200049.616276	0	2003.054723	0	mud_6
-0.911459	0	-0.411390	0	1.000000	0	0.411390	0	-0.911459	200046.084540	0	2248.737348	0	mud_6
-0.892190	0	-0.451661	0	1.000000	0	0.451661	0	-0.892190	200048.722200	0	2243.348694	0	mud_6
-0.944038	0	-0.329837	0	1.000000	0	0.329837	0	-0.944038	200043.788937	0	2254.278501	0	mud_6
-0.993375	0	-0.114922	0	1.000000	0	0.114922	0	-0.993375	200041.043441	0	2265.939593	0	mud_6
-0.973386	0	-0.229171	0	1.000000	0	0.229171	0	-0.973386	200042.134384	0	2260.043156	0	mud_6
-0.980952	0	0.194251	0	1.000000	0	-0.194251	0	-0.980952	200041.432561	0	2277.879037	0	mud_6
-0.999468	0	0.032604	0	1.000000	0	-0.032604	0	-0.999468	200040.759391	0	2271.927148	0	mud_6
-0.946076	0	0.323944	0	1.000000	0	-0.323944	0	-0.946076	200045.102626	0	2289.293654	0	mud_6
-0.952005	0	0.306083	0	1.000000	0	-0.306083	0	-0.952005	200043.080346	0	2283.644875	0	mud_6
-0.957853	0	0.287258	0	1.000000	0	-0.287258	0	-0.957853	200046.966756	0	2294.995065	0	mud_6
-0.959800	0	0.280686	0	1.000000	0	-0.280686	0	-0.959800	200048.548169	0	2300.782846	0	mud_6
-0.425993	0	-0.904726	0	1.000000	0	0.904726	0	-0.425993	200042.973584	0	2839.118691	0	mud_6
-0.462089	0	-0.886833	0	1.000000	0	0.886833	0	-0.462089	200048.321336	0	2836.398271	0	mud_6
-0.466774	0	-0.884377	0	1.000000	0	0.884377	0	-0.466774	200047.019298	0	3277.571961	0	mud_6
-0.569785	0	-0.821794	0	1.000000	0	0.821794	0	-0.569785	200041.970551	0	3280.808219	0	mud_6
0.224629	0	-0.974444	0	1.000000	0	0.974444	0	0.224629	200040.554320	0	3911.278232	0	mud_6
0.223972	0	-0.974596	0	1.000000	0	0.974596	0	0.223972	200046.404397	0	3912.611119	0	mud_6
-0.346468	0	-0.938062	0	1.000000	0	0.938062	0	-0.346468	200040.609590	0	4225.721825	0	mud_6
-0.282036	0	-0.959404	0	1.000000	0	0.959404	0	-0.282036	200046.295828	0	4223.812041	0	mud_6
-0.031042	0	-0.999518	0	1.000000	0	0.999518	0	-0.031042	200041.302101	0	4425.728928	0	mud_6
0.349754	0	-0.936841	0	1.000000	0	0.936841	0	0.349754	200047.155612	0	4426.741766	0	mud_6
0.766109	0	-0.642710	0	1.000000	0	0.642710	0	0.766109	200041.627833	0	6740.968312	0	mud_6
0.765052	0	-0.643968	0	1.000000	0	0.643968	0	0.765052	200045.487698	0	6745.561941	0	mud_6
0.763870	0	-0.645370	0	1.000000	0	0.645370	0	0.763870	200049.355450	0	6750.148933	0	mud_6
0.729669	0	-0.683801	0	1.000000	0	0.683801	0	0.729669	200043.088928	0	6767.205182	0	mud_6
0.735533	0	-0.677489	0	1.000000	0	0.677489	0	0.735533	200047.171270	0	6771.602245	0	mud_6
-0.226287	0	0.974061	0	1.000000	0	-0.974061	0	-0.226287	200040.650902	0	7088.737745	0	mud_6
-0.227884	0	0.973688	0	1.000000	0	-0.973688	0	-0.227884	200046.493031	0	7090.105051	0	mud_6
0.453072	0	-0.891474	0	1.000000	0	0.891474	0	0.453072	200050.962654	0	83.198860	0	mud_6
0.345768	0	-0.938320	0	1.000000	0	0.938320	0	0.345768	200056.406085	0	85.717505	0	mud_6
-0.683627	0	0.729832	0	1.000000	0	-0.729832	0	-0.683627	200059.167737	0	844.269215	0	mud_6
-0.634134	0	0.773223	0	1.000000	0	-0.773223	0	-0.634134	200054.696924	0	840.269422	0	mud_6
-0.700366	0	-0.713784	0	1.000000	0	0.713784	0	-0.700366	200058.634143	0	879.473843	0	mud_6
-0.684774	0	-0.728756	0	1.000000	0	0.728756	0	-0.684774	200054.301091	0	883.623941	0	mud_6
0.814886	0	-0.579621	0	1.000000	0	0.579621	0	0.814886	200050.009053	0	1038.174084	0	mud_6
0.787217	0	-0.616676	0	1.000000	0	0.616676	0	0.787217	200053.542615	0	1043.022808	0	mud_6
0.746787	0	-0.665063	0	1.000000	0	0.665063	0	0.746787	200057.402754	0	1047.612633	0	mud_6
0.980616	0	-0.195937	0	1.000000	0	0.195937	0	0.980616	200051.243544	0	1068.586131	0	mud_6
0.993146	0	-0.116883	0	1.000000	0	0.116883	0	0.993146	200052.170478	0	1074.512697	0	mud_6
0.999404	0	-0.034525	0	1.000000	0	0.034525	0	0.999404	200052.644794	0	1080.492347	0	mud_6
0.997555	0	0.069883	0	1.000000	0	-0.069883	0	0.997555	200052.584267	0	1086.489261	0	mud_6
0.985517	0	0.169574	0	1.000000	0	-0.169574	0	0.985517	200051.808145	0	1092.435578	0	mud_6
0.974050	0	0.226332	0	1.000000	0	-0.226332	0	0.974050	200050.551644	0	1098.301693	0	mud_6
-0.254976	0	-0.966947	0	1.000000	0	0.966947	0	-0.254976	200055.403830	0	1942.566774	0	mud_6
-0.906452	0	0.422310	0	1.000000	0	-0.422310	0	-0.906452	200052.199506	0	2008.470144	0	mud_6
-0.944173	0	0.329451	0	1.000000	0	-0.329451	0	-0.944173	200056.903662	0	2019.504486	0	mud_6
-0.919894	0	0.392167	0	1.000000	0	-0.392167	0	-0.919894	200054.683673	0	2013.931446	0	mud_6
-0.968300	0	0.249791	0	1.000000	0	-0.249791	0	-0.968300	200058.632220	0	2025.247369	0	mud_6
-0.983878	0	0.178838	0	1.000000	0	-0.178838	0	-0.983878	200059.897742	0	2031.111073	0	mud_6
-0.902237	0	-0.431241	0	1.000000	0	0.431241	0	-0.902237	200057.039701	0	2227.386404	0	mud_6
-0.928130	0	-0.372255	0	1.000000	0	0.372255	0	-0.928130	200059.486340	0	2221.909760	0	mud_6
-0.884793	0	-0.465984	0	1.000000	0	0.465984	0	-0.884793	200051.503766	0	2238.032479	0	mud_6
-0.887218	0	-0.461351	0	1.000000	0	0.461351	0	-0.887218	200054.313949	0	2232.731273	0	mud_6
-0.946584	0	0.322457	0	1.000000	0	-0.322457	0	-0.946584	200050.334165	0	2306.509907	0	mud_6
-0.924913	0	0.380178	0	1.000000	0	-0.380178	0	-0.924913	200054.662195	0	2317.700200	0	mud_6
-0.932672	0	0.360726	0	1.000000	0	-0.360726	0	-0.932672	200052.415895	0	2312.136643	0	mud_6
-0.920356	0	0.391082	0	1.000000	0	-0.391082	0	-0.920356	200059.322272	0	2328.758331	0	mud_6
-0.921515	0	0.388342	0	1.000000	0	-0.388342	0	-0.921515	200056.977905	0	2323.235296	0	mud_6
-0.488103	0	-0.872786	0	1.000000	0	0.872786	0	-0.488103	200053.614878	0	2833.573987	0	mud_6
-0.571166	0	-0.820834	0	1.000000	0	0.820834	0	-0.571166	200058.791649	0	2830.542798	0	mud_6
-0.335908	0	-0.941895	0	1.000000	0	0.941895	0	-0.335908	200052.533791	0	3275.232307	0	mud_6
-0.254054	0	-0.967190	0	1.000000	0	0.967190	0	-0.254054	200058.291535	0	3273.552416	0	mud_6
0.233443	0	-0.972370	0	1.000000	0	0.972370	0	0.233443	200052.249426	0	3913.965886	0	mud_6
0.238691	0	-0.971096	0	1.000000	0	0.971096	0	0.238691	200058.072347	0	3915.412318	0	mud_6
-0.198623	0	-0.980076	0	1.000000	0	0.980076	0	-0.198623	200052.111122	0	4222.340720	0	mud_6
-0.087206	0	-0.996190	0	1.000000	0	0.996190	0	-0.087206	200058.038902	0	4221.432106	0	mud_6
0.598331	0	-0.801249	0	1.000000	0	0.801249	0	0.598331	200052.279920	0	4429.836345	0	mud_6
0.733335	0	-0.679867	0	1.000000	0	0.679867	0	0.733335	200056.705190	0	4433.873349	0	mud_6
0.762496	0	-0.646992	0	1.000000	0	0.646992	0	0.762496	200053.232138	0	6754.728373	0	mud_6
0.760819	0	-0.648964	0	1.000000	0	0.648964	0	0.760819	200057.119352	0	6759.298881	0	mud_6
0.739623	0	-0.673022	0	1.000000	0	0.673022	0	0.739623	200051.218705	0	6776.031485	0	mud_6
0.741272	0	-0.671204	0	1.000000	0	0.671204	0	0.741272	200055.247506	0	6780.477690	0	mud_6
0.739336	0	-0.673336	0	1.000000	0	0.673336	0	0.739336	200059.273154	0	6784.926752	0	mud_6
-0.118037	0	0.993009	0	1.000000	0	-0.993009	0	-0.118037	200059.451523	0	7092.051518	0	mud_6
-0.084439	0	0.996429	0	1.000000	0	-0.996429	0	-0.084439	200053.473397	0	7091.544924	0	mud_6
-0.037609	0	-0.999293	0	1.000000	0	0.999293	0	-0.037609	200062.141585	0	87.321865	0	mud_6
-0.445227	0	-0.895418	0	1.000000	0	0.895418	0	-0.445227	200067.727126	0	85.295702	0	mud_6
-0.982414	0	-0.186713	0	1.000000	0	0.186713	0	-0.982414	200069.738840	0	834.797673	0	mud_6
-0.697622	0	0.716466	0	1.000000	0	-0.716466	0	-0.697622	200063.451671	0	848.469936	0	mud_6
-0.994417	0	-0.105519	0	1.000000	0	0.105519	0	-0.994417	200068.181466	0	846.691290	0	mud_6
-0.991536	0	-0.129834	0	1.000000	0	0.129834	0	-0.991536	200068.814530	0	840.725255	0	mud_6
-0.623161	0	0.782093	0	1.000000	0	-0.782093	0	-0.623161	200067.764728	0	852.640101	0	mud_6
-0.720658	0	-0.693291	0	1.000000	0	0.693291	0	-0.720658	200062.865656	0	875.220377	0	mud_6
-0.750775	0	-0.660558	0	1.000000	0	0.660558	0	-0.750775	200066.952032	0	870.827613	0	mud_6
-0.930274	0	-0.366864	0	1.000000	0	0.366864	0	-0.930274	200068.676323	0	1035.319068	0	mud_6
-0.911206	0	-0.411950	0	1.000000	0	0.411950	0	-0.911206	200063.843784	0	1046.302024	0	mud_6
-0.915314	0	-0.402741	0	1.000000	0	0.402741	0	-0.915314	200066.315464	0	1040.834838	0	mud_6
0.745117	0	-0.666934	0	1.000000	0	0.666934	0	0.745117	200061.518216	0	1051.978354	0	mud_6
0.737386	0	-0.675472	0	1.000000	0	0.675472	0	0.737386	200065.402892	0	1056.550598	0	mud_6
0.655090	0	-0.755551	0	1.000000	0	0.755551	0	0.655090	200069.614349	0	1060.816849	0	mud_6
-0.209922	0	-0.977718	0	1.000000	0	0.977718	0	-0.209922	200061.255942	0	1941.243982	0	mud_6
-0.190608	0	-0.981666	0	1.000000	0	0.981666	0	-0.190608	200067.134999	0	1940.048020	0	mud_6
-0.992011	0	0.126149	0	1.000000	0	-0.126149	0	-0.992011	200060.776739	0	2037.045517	0	mud_6
-0.995264	0	0.097210	0	1.000000	0	-0.097210	0	-0.995264	200061.974758	0	2048.985176	0	mud_6
-0.995004	0	0.099838	0	1.000000	0	-0.099838	0	-0.995004	200061.411070	0	2043.011716	0	mud_6
-0.994916	0	0.100708	0	1.000000	0	-0.100708	0	-0.994916	200062.577582	0	2054.954792	0	mud_6
-0.995492	0	0.094844	0	1.000000	0	-0.094844	0	-0.995492	200063.764450	0	2066.895919	0	mud_6
-0.995097	0	0.098906	0	1.000000	0	-0.098906	0	-0.995097	200063.183245	0	2060.924140	0	mud_6
-0.996258	0	0.086429	0	1.000000	0	-0.086429	0	-0.996258	200064.853154	0	2078.846395	0	mud_6
-0.995876	0	0.090726	0	1.000000	0	-0.090726	0	-0.995876	200064.321367	0	2072.870013	0	mud_6
-0.996642	0	0.081880	0	1.000000	0	-0.081880	0	-0.996642	200065.358512	0	2084.825070	0	mud_6
-0.997432	0	0.071615	0	1.000000	0	-0.071615	0	-0.997432	200066.282299	0	2096.789406	0	mud_6
-0.997032	0	0.076983	0	1.000000	0	-0.076983	0	-0.997032	200065.835707	0	2090.806057	0	mud_6
-0.998260	0	0.058972	0	1.000000	0	-0.058972	0	-0.998260	200067.070350	0	2108.763422	0	mud_6
-0.997841	0	0.065671	0	1.000000	0	-0.065671	0	-0.997841	200066.695084	0	2102.775181	0	mud_6
-0.998683	0	0.051313	0	1.000000	0	-0.051313	0	-0.998683	200067.402739	0	2114.754193	0	mud_6
-0.999498	0	0.031672	0	1.000000	0	-0.031672	0	-0.999498	200067.911164	0	2126.743228	0	mud_6
-0.999102	0	0.042369	0	1.000000	0	-0.042369	0	-0.999102	200067.686102	0	2120.747478	0	mud_6
-0.999993	0	0.003807	0	1.000000	0	-0.003807	0	-0.999993	200068.133968	0	2138.740732	0	mud_6
-0.999828	0	0.018568	0	1.000000	0	-0.018568	0	-0.999828	200068.066161	0	2132.741182	0	mud_6
-0.999954	0	-0.009575	0	1.000000	0	0.009575	0	-0.999954	200068.111839	0	2144.740653	0	mud_6
-0.999519	0	-0.031013	0	1.000000	0	0.031013	0	-0.999519	200067.863023	0	2156.737847	0	mud_6
-0.999785	0	-0.020735	0	1.000000	0	0.020735	0	-0.999785	200068.019072	0	2150.739904	0	mud_6
-0.998715	0	-0.050688	0	1.000000	0	0.050688	0	-0.998715	200067.372421	0	2168.727622	0	mud_6
-0.999164	0	-0.040884	0	1.000000	0	0.040884	0	-0.999164	200067.646923	0	2162.733930	0	mud_6
-0.998145	0	-0.060882	0	1.000000	0	0.060882	0	-0.998145	200067.038671	0	2174.718306	0	mud_6
-0.996394	0	-0.084842	0	1.000000	0	0.084842	0	-0.996394	200066.174623	0	2186.686878	0	mud_6
-0.997404	0	-0.072006	0	1.000000	0	0.072006	0	-0.997404	200066.641851	0	2180.705139	0	mud_6
-0.992361	0	-0.123368	0	1.000000	0	0.123368	0	-0.992361	200064.964368	0	2198.625016	0	mud_6
-0.994901	0	-0.100860	0	1.000000	0	0.100860	0	-0.994901	200065.623781	0	2192.661477	0	mud_6
-0.987467	0	-0.157828	0	1.000000	0	0.157828	0	-0.987467	200064.143555	0	2204.568302	0	mud_6
-0.954243	0	-0.299031	0	1.000000	0	0.299031	0	-0.954243	200061.502568	0	2216.259179	0	mud_6
-0.975419	0	-0.220357	0	1.000000	0	0.220357	0	-0.975419	200063.071030	0	2210.470922	0	mud_6
-0.922257	0	0.386576	0	1.000000	0	-0.386576	0	-0.922257	200064.005624	0	2339.806674	0	mud_6
-0.920696	0	0.390280	0	1.000000	0	-0.390280	0	-0.920696	200061.670885	0	2334.279564	0	mud_6
-0.924984	0	0.380007	0	1.000000	0	-0.380007	0	-0.924984	200066.309779	0	2345.346594	0	mud_6
-0.928971	0	0.370152	0	1.000000	0	-0.370152	0	-0.928971	200068.565648	0	2350.906334	0	mud_6
-0.856282	0	-0.516509	0	1.000000	0	0.516509	0	-0.856282	200067.256121	0	2765.284843	0	mud_6
-0.972042	0	-0.234808	0	1.000000	0	0.234808	0	-0.972042	200063.403092	0	2776.625435	0	mud_6
-0.946837	0	-0.321713	0	1.000000	0	0.321713	0	-0.946837	200065.043963	0	2770.855686	0	mud_6
-0.996523	0	-0.083313	0	1.000000	0	0.083313	0	-0.996523	200061.499066	0	2788.462017	0	mud_6
-0.987308	0	-0.158818	0	1.000000	0	0.158818	0	-0.987308	200062.229232	0	2782.507925	0	mud_6
-0.999979	0	0.006484	0	1.000000	0	-0.006484	0	-0.999979	200061.230475	0	2794.453955	0	mud_6
-0.987612	0	0.156918	0	1.000000	0	-0.156918	0	-0.987612	200062.381222	0	2806.386276	0	mud_6
-0.995383	0	0.095986	0	1.000000	0	-0.095986	0	-0.995383	200061.576681	0	2800.440887	0	mud_6
-0.999889	0	0.014888	0	1.000000	0	-0.014888	0	-0.999889	200064.571020	0	2818.177882	0	mud_6
-0.983190	0	0.182587	0	1.000000	0	-0.182587	0	-0.983190	200063.458718	0	2812.286355	0	mud_6
-0.633552	0	-0.773700	0	1.000000	0	0.773700	0	-0.633552	200063.424735	0	2826.748953	0	mud_6
-0.869525	0	0.493890	0	1.000000	0	-0.493890	0	-0.869525	200065.362728	0	2829.587435	0	mud_6
-0.997377	0	0.072384	0	1.000000	0	-0.072384	0	-0.997377	200063.641447	0	2824.056692	0	mud_6
-0.716464	0	0.697624	0	1.000000	0	-0.697624	0	-0.716464	200069.366240	0	2834.048492	0	mud_6
-0.970511	0	0.241055	0	1.000000	0	-0.241055	0	-0.970511	200069.396477	0	3182.144318	0	mud_6
-0.220207	0	-0.975453	0	1.000000	0	0.975453	0	-0.220207	200064.133531	0	3272.185431	0	mud_6
-0.213388	0	-0.976968	0	1.000000	0	0.976968	0	-0.213388	200069.996409	0	3270.910066	0	mud_6
0.262158	0	-0.965025	0	1.000000	0	0.965025	0	0.262158	200063.902376	0	3916.830129	0	mud_6
0.360645	0	-0.932703	0	1.000000	0	0.932703	0	0.360645	200069.645143	0	3918.556081	0	mud_6
0.029393	0	-0.999568	0	1.000000	0	0.999568	0	0.029393	200064.031989	0	4221.297021	0	mud_6
-0.939660	0	-0.342108	0	1.000000	0	0.342108	0	-0.939660	200066.496215	0	4316.080921	0	mud_6
-0.939515	0	-0.342509	0	1.000000	0	0.342509	0	-0.939515	200068.563585	0	4310.448339	0	mud_6
-0.961638	0	-0.274322	0	1.000000	0	0.274322	0	-0.961638	200062.564887	0	4327.416991	0	mud_6
-0.944798	0	-0.327653	0	1.000000	0	0.327653	0	-0.944798	200064.458308	0	4321.724192	0	mud_6
-0.972589	0	-0.232530	0	1.000000	0	0.232530	0	-0.972589	200061.170933	0	4333.247396	0	mud_6
0.830701	0	-0.556718	0	1.000000	0	0.556718	0	0.830701	200060.399944	0	4438.595694	0	mud_6
0.914530	0	-0.404517	0	1.000000	0	0.404517	0	0.914530	200063.359021	0	4443.800651	0	mud_6
0.960759	0	-0.277384	0	1.000000	0	0.277384	0	0.960759	200065.222220	0	4449.500083	0	mud_6
0.972084	0	-0.234632	0	1.000000	0	0.234632	0	0.972084	200066.684393	0	4455.318992	0	mud_6
0.974234	0	-0.225539	0	1.000000	0	0.225539	0	0.974234	200068.037617	0	4461.164347	0	mud_6
0.758662	0	-0.651484	0	1.000000	0	0.651484	0	0.758662	200061.019691	0	6763.858193	0	mud_6
0.755658	0	-0.654966	0	1.000000	0	0.654966	0	0.755658	200064.937144	0	6768.402806	0	mud_6
0.750867	0	-0.660453	0	1.000000	0	0.660453	0	0.750867	200068.879246	0	6772.926045	0	mud_6
0.724117	0	-0.689677	0	1.000000	0	0.689677	0	0.724117	200063.327460	0	6789.349641	0	mud_6
0.643938	0	-0.765078	0	1.000000	0	0.765078	0	0.643938	200067.544643	0	6793.611407	0	mud_6
-0.234455	0	0.972127	0	1.000000	0	-0.972127	0	-0.234455	200065.378414	0	7092.959938	0	mud_6
-0.521461	0	-0.853275	0	1.000000	0	0.853275	0	-0.521461	200077.719637	0	78.662186	0	mud_6
-0.553071	0	-0.833134	0	1.000000	0	0.833134	0	-0.553071	200072.758976	0	82.035791	0	mud_6
-0.808597	0	-0.588364	0	1.000000	0	0.588364	0	-0.808597	200076.068344	0	818.142751	0	mud_6
-0.962452	0	-0.271453	0	1.000000	0	0.271453	0	-0.962452	200071.053356	0	828.945228	0	mud_6
-0.906975	0	-0.421185	0	1.000000	0	0.421185	0	-0.906975	200072.989511	0	823.271579	0	mud_6
-0.819862	0	0.572561	0	1.000000	0	-0.572561	0	-0.819862	200072.784443	0	855.907392	0	mud_6
-0.808688	0	-0.588238	0	1.000000	0	0.588238	0	-0.808688	200070.788098	0	866.215940	0	mud_6
-0.985715	0	-0.168422	0	1.000000	0	0.168422	0	-0.985715	200073.988201	0	861.155807	0	mud_6
-0.986414	0	0.164275	0	1.000000	0	-0.164275	0	-0.986414	200072.687947	0	1017.914745	0	mud_6
-0.920953	0	0.389675	0	1.000000	0	-0.389675	0	-0.920953	200070.407870	0	1012.526039	0	mud_6
-0.954034	0	-0.299698	0	1.000000	0	0.299698	0	-0.954034	200070.715265	0	1029.678194	0	mud_6
-0.986242	0	-0.165307	0	1.000000	0	0.165307	0	-0.986242	200072.267866	0	1023.886289	0	mud_6
0.567363	0	-0.823468	0	1.000000	0	0.823468	0	0.567363	200074.435150	0	1064.381793	0	mud_6
0.545031	0	-0.838416	0	1.000000	0	0.838416	0	0.545031	200079.486927	0	1067.618803	0	mud_6
-0.192017	0	-0.981392	0	1.000000	0	0.981392	0	-0.192017	200073.034939	0	1938.956891	0	mud_6
-0.223978	0	-0.974594	0	1.000000	0	0.974594	0	-0.223978	200078.910752	0	1937.744004	0	mud_6
-0.934506	0	0.355949	0	1.000000	0	-0.355949	0	-0.934506	200070.751477	0	2356.493950	0	mud_6
-0.946836	0	0.321716	0	1.000000	0	-0.321716	0	-0.946836	200074.806238	0	2367.787281	0	mud_6
-0.941175	0	0.337920	0	1.000000	0	-0.337920	0	-0.941175	200072.836798	0	2362.119790	0	mud_6
-0.953145	0	0.302515	0	1.000000	0	-0.302515	0	-0.953145	200078.533038	0	2379.193697	0	mud_6
-0.950550	0	0.310572	0	1.000000	0	-0.310572	0	-0.950550	200076.697266	0	2373.481454	0	mud_6
-0.663215	0	-0.748429	0	1.000000	0	0.748429	0	-0.663215	200075.659631	0	2756.811452	0	mud_6
-0.710173	0	-0.704027	0	1.000000	0	0.704027	0	-0.710173	200071.134045	0	2760.750607	0	mud_6
-0.621763	0	0.783206	0	1.000000	0	-0.783206	0	-0.621763	200073.723158	0	2838.173320	0	mud_6
-0.430810	0	0.902443	0	1.000000	0	-0.902443	0	-0.430810	200078.706848	0	2841.466626	0	mud_6
-0.972222	0	0.234059	0	1.000000	0	-0.234059	0	-0.972222	200070.842799	0	3187.967347	0	mud_6
-0.981574	0	0.191084	0	1.000000	0	-0.191084	0	-0.981574	200073.452017	0	3199.679417	0	mud_6
-0.976072	0	0.217450	0	1.000000	0	-0.217450	0	-0.976072	200072.205086	0	3193.810579	0	mud_6
-0.990720	0	0.135921	0	1.000000	0	-0.135921	0	-0.990720	200074.497622	0	3205.587015	0	mud_6
-0.999896	0	-0.014427	0	1.000000	0	0.014427	0	-0.999896	200075.163151	0	3217.554078	0	mud_6
-0.998457	0	0.055533	0	1.000000	0	-0.055533	0	-0.998457	200075.081473	0	3211.555851	0	mud_6
-0.997124	0	-0.075783	0	1.000000	0	0.075783	0	-0.997124	200074.498854	0	3229.534217	0	mud_6
-0.998466	0	-0.055364	0	1.000000	0	0.055364	0	-0.998466	200074.908416	0	3223.548236	0	mud_6
-0.993383	0	-0.114848	0	1.000000	0	0.114848	0	-0.993383	200073.999155	0	3235.512070	0	mud_6
-0.999819	0	0.019050	0	1.000000	0	-0.019050	0	-0.999819	200072.510684	0	3247.411513	0	mud_6
-0.992268	0	-0.124112	0	1.000000	0	0.124112	0	-0.992268	200073.121509	0	3241.447294	0	mud_6
-0.842283	0	0.539036	0	1.000000	0	-0.539036	0	-0.842283	200075.938637	0	3258.717109	0	mud_6
-0.956991	0	0.290117	0	1.000000	0	-0.290117	0	-0.956991	200073.345544	0	3253.328897	0	mud_6
-0.222124	0	-0.975018	0	1.000000	0	0.975018	0	-0.222124	200075.857107	0	3269.624781	0	mud_6
-0.771217	0	0.636572	0	1.000000	0	-0.636572	0	-0.771217	200079.755600	0	3263.341414	0	mud_6
0.483553	0	-0.875315	0	1.000000	0	0.875315	0	0.483553	200075.051942	0	3921.140993	0	mud_6
0.097822	0	-0.995204	0	1.000000	0	0.995204	0	0.097822	200070.011266	0	4221.784398	0	mud_6
0.120640	0	-0.992696	0	1.000000	0	0.992696	0	0.120640	200075.971804	0	4222.470645	0	mud_6
-0.969608	0	-0.244665	0	1.000000	0	0.244665	0	-0.969608	200078.009965	0	4275.789277	0	mud_6
-0.938475	0	-0.345347	0	1.000000	0	0.345347	0	-0.938475	200079.768468	0	4270.057902	0	mud_6
-0.978141	0	-0.207944	0	1.000000	0	0.207944	0	-0.978141	200075.728333	0	4287.569329	0	mud_6
-0.981755	0	-0.190152	0	1.000000	0	0.190152	0	-0.981755	200076.837813	0	4281.672961	0	mud_6
-0.950249	0	-0.311493	0	1.000000	0	0.311493	0	-0.950249	200072.568644	0	4299.136883	0	mud_6
-0.964660	0	-0.263496	0	1.000000	0	0.263496	0	-0.964660	200074.343487	0	4293.406069	0	mud_6
-0.942656	0	-0.333767	0	1.000000	0	0.333767	0	-0.942656	200070.606305	0	4304.806792	0	mud_6
0.742912	0	-0.669389	0	1.000000	0	0.669389	0	0.742912	200072.862463	0	6777.413082	0	mud_6
0.731840	0	-0.681477	0	1.000000	0	0.681477	0	0.731840	200076.911641	0	6781.840678	0	mud_6
0.416039	0	-0.909347	0	1.000000	0	0.909347	0	0.416039	200072.460022	0	6797.036715	0	mud_6
-0.041184	0	-0.999152	0	1.000000	0	0.999152	0	-0.041184	200078.209132	0	6798.501994	0	mud_6
-0.579650	0	0.814865	0	1.000000	0	-0.814865	0	-0.579650	200076.264482	0	7097.820632	0	mud_6
-0.407754	0	0.913092	0	1.000000	0	-0.913092	0	-0.407754	200071.064945	0	7094.852156	0	mud_6
-0.453035	0	-0.891492	0	1.000000	0	0.891492	0	-0.453035	200082.983051	0	75.787464	0	mud_6
-0.402494	0	-0.915422	0	1.000000	0	0.915422	0	-0.402494	200088.409931	0	73.229703	0	mud_6
-0.659040	0	-0.752108	0	1.000000	0	0.752108	0	-0.659040	200084.370834	0	809.505089	0	mud_6
-0.603706	0	-0.797207	0	1.000000	0	0.797207	0	-0.603706	200089.027447	0	805.723454	0	mud_6
-0.720961	0	-0.692976	0	1.000000	0	0.692976	0	-0.720961	200080.010757	0	813.624363	0	mud_6
0.429784	0	-0.902932	0	1.000000	0	0.902932	0	0.429784	200080.015108	0	861.355399	0	mud_6
0.430710	0	-0.902490	0	1.000000	0	0.902490	0	0.430710	200085.432699	0	863.934100	0	mud_6
0.578068	0	-0.815989	0	1.000000	0	0.815989	0	0.578068	200084.495464	0	1070.921720	0	mud_6
0.645934	0	-0.763394	0	1.000000	0	0.763394	0	0.645934	200089.271293	0	1074.550236	0	mud_6
-0.274779	0	-0.961507	0	1.000000	0	0.961507	0	-0.274779	200084.726112	0	1936.270074	0	mud_6
-0.955063	0	0.296401	0	1.000000	0	-0.296401	0	-0.955063	200080.327407	0	2384.919090	0	mud_6
-0.957621	0	0.288033	0	1.000000	0	-0.288033	0	-0.957621	200083.827397	0	2396.397294	0	mud_6
-0.956520	0	0.291667	0	1.000000	0	-0.291667	0	-0.956520	200082.089835	0	2390.654399	0	mud_6
-0.958818	0	0.284020	0	1.000000	0	-0.284020	0	-0.958818	200087.252372	0	2407.898133	0	mud_6
-0.958404	0	0.285415	0	1.000000	0	-0.285415	0	-0.958404	200085.546222	0	2402.145825	0	mud_6
-0.958509	0	0.285061	0	1.000000	0	-0.285061	0	-0.958509	200088.954467	0	2413.651643	0	mud_6
-0.763690	0	-0.645583	0	1.000000	0	0.645583	0	-0.763690	200084.287154	0	2748.490859	0	mud_6
-0.819807	0	-0.572640	0	1.000000	0	0.572640	0	-0.819807	200087.837418	0	2743.656308	0	mud_6
-0.694201	0	-0.719781	0	1.000000	0	0.719781	0	-0.694201	200080.114525	0	2752.792613	0	mud_6
-0.459320	0	0.888271	0	1.000000	0	-0.888271	0	-0.459320	200089.940601	0	2845.599345	0	mud_6
-0.345300	0	0.938492	0	1.000000	0	-0.938492	0	-0.345300	200084.423340	0	2843.277872	0	mud_6
-0.243660	0	-0.969861	0	1.000000	0	0.969861	0	-0.243660	200081.696074	0	3268.244704	0	mud_6
-0.262727	0	-0.964870	0	1.000000	0	0.964870	0	-0.262727	200087.494027	0	3266.701210	0	mud_6
0.543479	0	-0.839423	0	1.000000	0	0.839423	0	0.543479	200080.123566	0	3924.345112	0	mud_6
0.571167	0	-0.820834	0	1.000000	0	0.820834	0	0.571167	200085.123211	0	3927.661575	0	mud_6
0.588983	0	-0.808145	0	1.000000	0	0.808145	0	0.588983	200089.970663	0	3931.197102	0	mud_6
0.129171	0	-0.991622	0	1.000000	0	0.991622	0	0.129171	200081.923282	0	4223.232038	0	mud_6
0.129457	0	-0.991585	0	1.000000	0	0.991585	0	0.129457	200087.871224	0	4224.020692	0	mud_6
-0.891206	0	-0.453599	0	1.000000	0	0.453599	0	-0.891206	200089.509378	0	4248.128460	0	mud_6
-0.917053	0	-0.398765	0	1.000000	0	0.398765	0	-0.917053	200084.525837	0	4259.042390	0	mud_6
-0.909653	0	-0.415368	0	1.000000	0	0.415368	0	-0.909653	200086.931133	0	4253.545738	0	mud_6
-0.918042	0	-0.396483	0	1.000000	0	0.396483	0	-0.918042	200082.146053	0	4264.550159	0	mud_6
0.713700	0	-0.700452	0	1.000000	0	0.700452	0	0.713700	200081.039702	0	6786.194645	0	mud_6
0.685661	0	-0.727921	0	1.000000	0	0.727921	0	0.685661	200085.315366	0	6790.403357	0	mud_6
0.648889	0	-0.760883	0	1.000000	0	0.760883	0	0.648889	200089.771830	0	6794.419824	0	mud_6
-0.325887	0	-0.945409	0	1.000000	0	0.945409	0	-0.325887	200083.806075	0	6796.572704	0	mud_6
-0.801365	0	0.598176	0	1.000000	0	-0.598176	0	-0.801365	200084.701466	0	7106.297182	0	mud_6
-0.708745	0	0.705464	0	1.000000	0	-0.705464	0	-0.708745	200080.778454	0	7101.762491	0	mud_6
-0.869223	0	0.494420	0	1.000000	0	-0.494420	0	-0.869223	200087.931601	0	7111.345029	0	mud_6
-0.250647	0	-0.968078	0	1.000000	0	0.968078	0	-0.250647	200099.679429	0	69.145535	0	mud_6
-0.340719	0	-0.940165	0	1.000000	0	0.940165	0	-0.340719	200093.962970	0	70.959788	0	mud_6
-0.481894	0	-0.876230	0	1.000000	0	0.876230	0	-0.481894	200099.063832	0	799.163755	0	mud_6
-0.547100	0	-0.837067	0	1.000000	0	0.837067	0	-0.547100	200093.929873	0	802.266255	0	mud_6
0.432880	0	-0.901452	0	1.000000	0	0.901452	0	0.432880	200090.844986	0	866.523912	0	mud_6
0.436090	0	-0.899903	0	1.000000	0	0.899903	0	0.436090	200096.250103	0	869.128653	0	mud_6
0.715285	0	-0.698833	0	1.000000	0	0.698833	0	0.715285	200093.639621	0	1078.658839	0	mud_6
0.759461	0	-0.650553	0	1.000000	0	0.650553	0	0.759461	200097.646858	0	1083.123107	0	mud_6
-0.324977	0	-0.945722	0	1.000000	0	0.945722	0	-0.324977	200090.442020	0	1934.448610	0	mud_6
-0.357797	0	-0.933799	0	1.000000	0	0.933799	0	-0.357797	200096.070797	0	1932.371700	0	mud_6
-0.955224	0	0.295883	0	1.000000	0	-0.295883	0	-0.955224	200090.673093	0	2419.400224	0	mud_6
-0.966075	0	0.258262	0	1.000000	0	-0.258262	0	-0.966075	200092.504678	0	2425.113106	0	mud_6
-0.986727	0	0.162387	0	1.000000	0	-0.162387	0	-0.986727	200094.758526	0	2436.893640	0	mud_6
-0.982185	0	0.187916	0	1.000000	0	-0.187916	0	-0.982185	200093.767773	0	2430.976068	0	mud_6
-0.984065	0	0.177812	0	1.000000	0	-0.177812	0	-0.984065	200096.720501	0	2448.732019	0	mud_6
-0.986543	0	0.163500	0	1.000000	0	-0.163500	0	-0.986543	200095.716397	0	2442.816685	0	mud_6
-0.977072	0	0.212907	0	1.000000	0	-0.212907	0	-0.977072	200097.849964	0	2454.624507	0	mud_6
-0.961116	0	0.276144	0	1.000000	0	-0.276144	0	-0.961116	200099.274150	0	2460.451356	0	mud_6
-0.860181	0	-0.509989	0	1.000000	0	0.509989	0	-0.860181	200097.809541	0	2728.673040	0	mud_6
-0.829773	0	-0.558101	0	1.000000	0	0.558101	0	-0.829773	200091.155741	0	2738.657524	0	mud_6
